pattern 1
min_cost 119
match_count 3
11 25 53 41 59 32 25 59
 4 11 25 11 59 31 53 11
11 59 15 11 15 15 53 53
 4 59 32 34 53 41 34 59
15 32 41 34  4 59 34 32
41 59 59  4  4 41 34 34
53 31 25 41 59 32 31 53
11 31 25 11 34 34 53 32

pattern 2
min_cost 250
match_count 6
54 59 59 59 32 40 62 40
54 32 32 79 32 38 32 62
54 54 30 38 32 38 59 54
30 59 32 32 62 40 45 79
32 32 38 32 62 38 62 32
79 45 32 62 32 32 32 59
32 38 32 59 54 30 30 45
30 79 32 32 62 30 45 32


pattern 3
min_cost 485
match_count 9
81 60 60 65 96 60 65 96
96 60 66 96 60 60 60 81
96 66 60 99 60 81 65 65
66 96 80 99 81 81 96 60
81 96 65 96 60 96 60 81
60 96 80 96 80 60 81 60
99 60 99 65 80 80 81 66
65 60 60 99 99 80 60 96

