11001101
00010010
11110011
00110011
10000111
00100100
01111010
01011001
10000000
01000001
00110110
01110001
10111111
10101110
11111111
01100110
01001001
00100111
10010100
01111001
00111010
10111000
01101001
11010010
10100111
00111011
00110000
10011000
00011000
00100101
11011010
00100000
00100010
00111000
11000110
00000000
00100110
10000011
01101000
00100101
11010111
00001010
11100011
01000001
00100101
11100001
00110111
10000000
10000111
10010100
10101111
01110111
00101000
11101100
01010110
01000111
01011010
00110111
11000001
00000100
00010011
01100110 
11111111
11000000

